  -0.2807222E+03   0.4148723E+03  -0.4027611E+03
   0.2186658E+00  -0.3719978E+00   0.9021102E+00
  -0.9670411E+00   0.4097558E-01   0.2513015E+00
  -0.1304481E+00  -0.9273288E+00  -0.3507772E+00
  -0.2745927E+03   0.3961188E+03  -0.3923433E+03
   0.2218199E+00   0.6120151E+00  -0.7591004E+00
   0.3979976E-01   0.7721631E+00   0.6341767E+00
   0.9742751E+00  -0.1708850E+00   0.1469231E+00
  -0.2700568E+03   0.3936356E+03  -0.4049928E+03
  -0.2871192E+00   0.4846266E+00   0.8262564E+00
   0.3185966E+00   0.8617811E+00  -0.3947526E+00
  -0.9033597E+00   0.1499014E+00  -0.4018343E+00
  -0.2598791E+03   0.3913735E+03  -0.3841935E+03
   0.5823389E+00  -0.4997862E+00  -0.6411671E+00
   0.7779599E+00   0.1137195E+00   0.6179370E+00
  -0.2359232E+00  -0.8586511E+00   0.4550369E+00
  -0.2504601E+03   0.3927018E+03  -0.3929050E+03
  -0.5571741E+00   0.1711767E+00   0.8125611E+00
   0.6596628E+00  -0.5031148E+00   0.5583193E+00
   0.5043828E+00   0.8470974E+00   0.1674037E+00
  -0.2624109E+03   0.4070280E+03  -0.4004482E+03
   0.9419385E+00  -0.2630048E+00   0.2087591E+00
   0.2995475E+00   0.9390888E+00  -0.1684739E+00
  -0.1517339E+00   0.2212253E+00   0.9633464E+00
  -0.2558885E+03   0.3952619E+03  -0.4043495E+03
  -0.3910680E+00   0.6884192E+00   0.6108558E+00
   0.5843485E+00  -0.3270537E+00   0.7426794E+00
   0.7110574E+00   0.6473908E+00  -0.2743764E+00
  -0.2628510E+03   0.3915155E+03  -0.4149663E+03
  -0.1898951E+00   0.7827626E+00   0.5926403E+00
  -0.4306598E+00   0.4760446E+00  -0.7667553E+00
  -0.8823106E+00  -0.4008295E+00   0.2467059E+00
  -0.2419124E+03   0.3723890E+03  -0.4068914E+03
  -0.5204012E+00   0.8438341E+00  -0.1308684E+00
  -0.5240969E+00  -0.4366196E+00  -0.7312221E+00
  -0.6741699E+00  -0.3119411E+00   0.6694682E+00
  -0.2389513E+03   0.3797745E+03  -0.3923834E+03
  -0.3140953E+00  -0.4129946E+00  -0.8548565E+00
  -0.9348125E+00   0.2917279E+00   0.2025348E+00
   0.1657397E+00   0.8627458E+00  -0.4777029E+00
  -0.2226941E+03   0.3646383E+03  -0.3909038E+03
  -0.1881797E+00   0.9622299E+00  -0.1967284E+00
  -0.4333957E+00  -0.2611062E+00  -0.8625495E+00
  -0.8813379E+00  -0.7705303E-01   0.4661612E+00
  -0.2083764E+03   0.3690417E+03  -0.3827801E+03
  -0.2202945E+00  -0.3559865E+00  -0.9081541E+00
   0.8359809E+00   0.4108153E+00  -0.3638223E+00
   0.5025994E+00  -0.8393476E+00   0.2070976E+00
  -0.2175720E+03   0.3627644E+03  -0.3790502E+03
  -0.6631851E+00   0.6709992E+00  -0.3315804E+00
   0.3655985E+00   0.6769920E+00   0.6387641E+00
   0.6530875E+00   0.3023935E+00  -0.6942873E+00
  -0.2336914E+03   0.3681108E+03  -0.4000104E+03
  -0.1082761E+00  -0.1572650E+00   0.9816028E+00
   0.7176669E+00   0.6709069E+00   0.1866502E+00
  -0.6879176E+00   0.7246735E+00   0.4022072E-01
  -0.2510742E+03   0.3594478E+03  -0.4157097E+03
   0.5803342E+00  -0.4281182E+00   0.6927677E+00
   0.1966289E+00  -0.7518418E+00  -0.6293417E+00
   0.7902843E+00   0.5014467E+00  -0.3521391E+00
  -0.2605494E+03   0.3520378E+03  -0.4136325E+03
  -0.3501884E+00   0.8915156E+00   0.2873465E+00
   0.2260177E+00  -0.2172817E+00   0.9495813E+00
   0.9090017E+00   0.3974778E+00  -0.1254088E+00
  -0.2762931E+03   0.3778498E+03  -0.4151126E+03
  -0.1709807E-02  -0.9315080E+00  -0.3637167E+00
  -0.2517984E+00   0.3523992E+00  -0.9013392E+00
   0.9677782E+00   0.9004219E-01  -0.2351548E+00
  -0.2859948E+03   0.3841675E+03  -0.4207462E+03
  -0.5315778E+00  -0.9569632E-01   0.8415862E+00
  -0.8356784E+00  -0.1027242E+00  -0.5395269E+00
   0.1380820E+00  -0.9900959E+00  -0.2536547E-01
  -0.2813932E+03   0.3870970E+03  -0.4065201E+03
  -0.7365082E+00  -0.8758509E-01  -0.6707344E+00
  -0.5334190E+00  -0.5345514E+00   0.6555296E+00
  -0.4159566E+00   0.8405853E+00   0.3469819E+00
  -0.2726664E+03   0.4059296E+03  -0.4055117E+03
  -0.2265417E+00  -0.7175186E+00   0.6586698E+00
  -0.3394023E+00  -0.5757123E+00  -0.7438826E+00
   0.9129539E+00  -0.3920745E+00  -0.1131046E+00
  -0.2700916E+03   0.4211952E+03  -0.3898459E+03
   0.8222821E+00  -0.5451239E+00  -0.1633769E+00
  -0.4578586E-01   0.2227864E+00  -0.9737915E+00
   0.5672352E+00   0.8082117E+00   0.1582343E+00
  -0.2700198E+03   0.4180618E+03  -0.3732980E+03
  -0.3759754E+00   0.1591061E+00  -0.9128679E+00
  -0.9096337E+00  -0.2511900E+00   0.3308628E+00
  -0.1766610E+00   0.9547716E+00   0.2391695E+00
  -0.2698067E+03   0.4132228E+03  -0.3851331E+03
  -0.1995291E+00   0.4437894E+00   0.8736356E+00
  -0.9423387E+00   0.1575528E+00  -0.2952538E+00
  -0.2686742E+00  -0.8821724E+00   0.3867636E+00
  -0.2450623E+03   0.4188931E+03  -0.3806052E+03
  -0.3387933E+00  -0.5946625E+00  -0.7291060E+00
   0.6064821E-01  -0.7871263E+00   0.6138029E+00
  -0.9389041E+00   0.1637333E+00   0.3027384E+00
  -0.2477859E+03   0.4190061E+03  -0.3991219E+03
   0.1724797E+00  -0.9463756E+00  -0.2731739E+00
   0.9239016E+00   0.5926957E-01   0.3780119E+00
  -0.3415504E+00  -0.3175852E+00   0.8845807E+00
  -0.2618945E+03   0.4097558E+03  -0.4084695E+03
   0.8748940E+00   0.4223621E+00  -0.2370037E+00
  -0.4650508E+00   0.8692748E+00  -0.1675982E+00
   0.1352342E+00   0.2568494E+00   0.9569431E+00
  -0.2560936E+03   0.4011355E+03  -0.4148045E+03
  -0.8237472E+00  -0.5669272E+00   0.5835261E-02
   0.3525885E+00  -0.5041982E+00   0.7883308E+00
  -0.4439841E+00   0.6514428E+00   0.6152239E+00
  -0.2602091E+03   0.3933108E+03  -0.4232557E+03
   0.6725680E+00   0.6001645E+00   0.4329605E+00
   0.7318441E+00  -0.6262180E+00  -0.2688032E+00
   0.1098016E+00   0.4976480E+00  -0.8604011E+00
  -0.2764882E+03   0.3999859E+03  -0.4159761E+03
   0.9432953E+00  -0.3287250E+00   0.4619465E-01
  -0.1464146E+00  -0.2871171E+00   0.9466396E+00
  -0.2979208E+00  -0.8997242E+00  -0.3189663E+00
  -0.2746701E+03   0.4132047E+03  -0.4150395E+03
  -0.7616686E+00  -0.5979458E+00  -0.2496434E+00
   0.2876183E+00   0.3324853E-01  -0.9571678E+00
   0.5806348E+00  -0.8008467E+00   0.1466558E+00
  -0.2863451E+03   0.4231224E+03  -0.4073290E+03
   0.4269234E+00  -0.6727445E+00  -0.6042775E+00
   0.7275631E+00   0.6523759E+00  -0.2122678E+00
   0.5370181E+00  -0.3490279E+00   0.7679786E+00
  -0.2891990E+03   0.4110314E+03  -0.4087463E+03
   0.7839288E-01   0.9946855E+00  -0.6674812E-01
   0.9893592E+00  -0.8585534E-01  -0.1174616E+00
  -0.1225681E+00  -0.5682971E-01  -0.9908317E+00
  -0.3003905E+03   0.4094788E+03  -0.4103270E+03
   0.1250409E-01   0.3636958E-01   0.9992602E+00
  -0.4450225E+00  -0.8947071E+00   0.3813294E-01
   0.8954321E+00  -0.4451701E+00   0.4997788E-02
  -0.2988253E+03   0.4287486E+03  -0.4204311E+03
  -0.9489561E-01  -0.3390699E+00   0.9359628E+00
  -0.9947405E+00   0.6870841E-01  -0.7596408E-01
  -0.3855138E-01  -0.9382488E+00  -0.3438067E+00
  -0.2857604E+03   0.4329581E+03  -0.4147449E+03
  -0.7236591E+00  -0.6892530E+00   0.3532508E-01
  -0.3491814E+00   0.4098011E+00   0.8426953E+00
  -0.5953065E+00   0.5974893E+00  -0.5372306E+00
  -0.2883383E+03   0.4204144E+03  -0.4259182E+03
   0.2349624E-01   0.9878630E+00   0.1535404E+00
   0.3766461E+00   0.1335188E+00  -0.9166845E+00
  -0.9260592E+00   0.7936902E-01  -0.3689376E+00
  -0.2941670E+03   0.4177986E+03  -0.4166792E+03
  -0.6344631E+00   0.6795315E+00  -0.3683661E+00
   0.4887438E+00   0.7218952E+00   0.4898947E+00
   0.5988206E+00   0.1307835E+00  -0.7901327E+00
  -0.3074539E+03   0.4111437E+03  -0.4268915E+03
   0.5689934E+00   0.6799157E+00   0.4625593E+00
  -0.1509012E+00   0.6392664E+00  -0.7540341E+00
  -0.8083782E+00   0.3592397E+00   0.4663384E+00
  -0.3140786E+03   0.4030099E+03  -0.4154599E+03
   0.7620204E+00   0.5976049E+00  -0.2493860E+00
  -0.4400445E+00   0.7604243E+00   0.4776147E+00
   0.4750640E+00  -0.2542112E+00   0.8424315E+00
  -0.3094613E+03   0.3897411E+03  -0.4214281E+03
   0.5244223E+00   0.5460941E+00   0.6532706E+00
  -0.8308852E+00   0.4958570E+00   0.2524989E+00
  -0.1860406E+00  -0.6752089E+00   0.7137799E+00
  -0.3033113E+03   0.3865487E+03  -0.4300652E+03
  -0.3595259E+00  -0.5556907E+00   0.7496326E+00
  -0.9246393E+00   0.1039935E+00  -0.3663709E+00
   0.1256320E+00  -0.8248595E+00  -0.5512018E+00
  -0.2846538E+03   0.3769968E+03  -0.4288824E+03
  -0.6601311E+00   0.7148723E+00  -0.2306177E+00
   0.7510931E+00   0.6244103E+00  -0.2144083E+00
  -0.9274493E-02  -0.3147529E+00  -0.9491283E+00
  -0.2894484E+03   0.3770715E+03  -0.4142464E+03
   0.1973978E+00   0.1907664E+00  -0.9615832E+00
   0.9796814E+00  -0.7388261E-01   0.1864557E+00
  -0.3547479E-01  -0.9788511E+00  -0.2014746E+00
  -0.3039420E+03   0.3758747E+03  -0.4191330E+03
   0.7908765E+00  -0.5345100E+00   0.2980159E+00
  -0.1570236E+00   0.2934308E+00   0.9429963E+00
  -0.5914879E+00  -0.7925891E+00   0.1481368E+00
  -0.3105605E+03   0.3622374E+03  -0.4224565E+03
   0.4629049E+00   0.8552076E+00  -0.2331075E+00
  -0.7883018E+00   0.5174371E+00   0.3329250E+00
   0.4053385E+00   0.2964647E-01   0.9136858E+00
  -0.3022303E+03   0.3683573E+03  -0.4332635E+03
  -0.5781506E+00  -0.2095550E-01   0.8156609E+00
  -0.5016500E+00   0.7975367E+00  -0.3350859E+00
  -0.6434976E+00  -0.6029064E+00  -0.4716086E+00
  -0.2894499E+03   0.3541015E+03  -0.4354065E+03
  -0.7666684E+00   0.4934554E+00  -0.4107570E+00
   0.5055371E+00   0.8583477E+00   0.8758707E-01
   0.3957926E+00  -0.1405027E+00  -0.9075281E+00
  -0.2897890E+03   0.3428786E+03  -0.4460157E+03
   0.5046083E-01   0.2041767E+00   0.9776326E+00
  -0.5427847E+00  -0.8160886E+00   0.1984546E+00
   0.8383546E+00  -0.5406582E+00   0.6964349E-01
  -0.2795370E+03   0.3438118E+03  -0.4568120E+03
  -0.2119088E+00   0.1765287E+00   0.9612140E+00
  -0.9526438E+00   0.1821781E+00  -0.2434767E+00
  -0.2180927E+00  -0.9672894E+00   0.1295638E+00
  -0.2583066E+03   0.3377312E+03  -0.4594384E+03
  -0.9948677E+00   0.1803322E-01  -0.9956403E-01
   0.7127111E-01  -0.5735769E+00  -0.8160453E+00
  -0.7182356E-01  -0.8189532E+00   0.5693479E+00
  -0.2556786E+03   0.3439016E+03  -0.4382870E+03
   0.2751505E+00   0.4780242E+00  -0.8341373E+00
  -0.6516752E+00   0.7306229E+00   0.2037394E+00
   0.7068321E+00   0.4875275E+00   0.5125478E+00
  -0.2467106E+03   0.3390832E+03  -0.4320145E+03
   0.9689682E+00   0.1771757E+00  -0.1723640E+00
  -0.1158231E+00  -0.2905856E+00  -0.9498131E+00
  -0.2183704E+00   0.9403025E+00  -0.2610472E+00
  -0.2311033E+03   0.3463381E+03  -0.4171238E+03
  -0.7989681E+00   0.1055062E+00  -0.5920459E+00
  -0.8583431E-01   0.9544032E+00   0.2859143E+00
   0.5952163E+00   0.2792542E+00  -0.7534817E+00
  -0.2234290E+03   0.3348472E+03  -0.4129421E+03
  -0.4939962E+00   0.2012697E+00  -0.8458477E+00
   0.7971983E+00   0.4931595E+00  -0.3482363E+00
   0.3470484E+00  -0.8463358E+00  -0.4040708E+00
  -0.2250835E+03   0.3194844E+03  -0.4083099E+03
  -0.7710670E-01   0.9891052E+00  -0.1254012E+00
   0.9917472E+00   0.6316780E-01  -0.1115679E+00
  -0.1024310E+00  -0.1329689E+00  -0.9858129E+00
  -0.2371550E+03   0.3088215E+03  -0.4018473E+03
   0.3757108E+00   0.6874946E+00  -0.6214439E+00
   0.9160178E+00  -0.3771910E+00   0.1365224E+00
  -0.1405447E+00  -0.6205466E+00  -0.7714721E+00
  -0.2678641E+03   0.3128241E+03  -0.3921735E+03
   0.9471474E-01  -0.5214434E+00  -0.8480129E+00
   0.5948400E+00  -0.6534052E+00   0.4682169E+00
  -0.7982446E+00  -0.5487790E+00   0.2482883E+00
  -0.2858083E+03   0.3184826E+03  -0.3939039E+03
   0.7247669E+00  -0.6831781E+00  -0.8933447E-01
  -0.5682618E+00  -0.5194019E+00  -0.6382007E+00
   0.3896042E+00   0.5133121E+00  -0.7646694E+00
  -0.2709036E+03   0.3275439E+03  -0.3782216E+03
  -0.3962782E+00  -0.4562206E+00  -0.7967599E+00
   0.9144081E+00  -0.2741776E+00  -0.2977992E+00
  -0.8259159E-01  -0.8465751E+00   0.5258224E+00
  -0.2701553E+03   0.3339619E+03  -0.3669814E+03
  -0.1902596E+00  -0.5886374E+00  -0.7856891E+00
   0.4012692E+00  -0.7770307E+00   0.4849807E+00
  -0.8959823E+00  -0.2230006E+00   0.3840396E+00
  -0.2760698E+03   0.3451049E+03  -0.3688934E+03
   0.1807307E+00  -0.9792173E+00  -0.9203177E-01
  -0.5108971E+00  -0.1734267E+00   0.8419663E+00
  -0.8404288E+00  -0.1051504E+00  -0.5316228E+00
  -0.2720198E+03   0.3450750E+03  -0.3904149E+03
  -0.1492656E+00   0.6117979E+00   0.7768031E+00
  -0.4492272E+00   0.6578893E+00  -0.6044639E+00
  -0.8808602E+00  -0.4391868E+00   0.1766360E+00
  -0.2625553E+03   0.3503627E+03  -0.3746785E+03
  -0.2893687E+00  -0.8263617E+00  -0.4831067E+00
  -0.9457970E+00   0.3245601E+00   0.1134326E-01
   0.1474235E+00   0.4602033E+00  -0.8754880E+00
  -0.2434341E+03   0.3478226E+03  -0.3792368E+03
  -0.4056215E+00  -0.6193208E+00   0.6722448E+00
   0.8130178E+00  -0.5805521E+00  -0.4428525E-01
   0.4176999E+00   0.5285839E+00   0.7390033E+00
  -0.2490918E+03   0.3535898E+03  -0.3695528E+03
  -0.4257644E+00  -0.2665831E-01  -0.9044413E+00
   0.2953205E+00  -0.9489221E+00  -0.1110523E+00
  -0.8552839E+00  -0.3143821E+00   0.4118900E+00
  -0.2597973E+03   0.3653476E+03  -0.3619754E+03
   0.5461337E+00  -0.4242880E+00  -0.7223003E+00
   0.3077651E+00  -0.7003178E+00   0.6440774E+00
  -0.7791140E+00  -0.5740512E+00  -0.2518861E+00
  -0.2543471E+03   0.3755226E+03  -0.3721593E+03
  -0.3568185E+00  -0.3484691E+00   0.8667467E+00
   0.2436954E+00   0.8609737E+00   0.4464716E+00
  -0.9018277E+00   0.3705315E+00  -0.2222910E+00
  -0.2501939E+03   0.3688050E+03  -0.3872115E+03
  -0.7254225E+00  -0.6185667E+00   0.3018898E+00
   0.6796716E+00  -0.7129938E+00   0.1722975E+00
   0.1086680E+00   0.3301744E+00   0.9376439E+00
  -0.2637787E+03   0.3775162E+03  -0.3946001E+03
   0.7107562E+00   0.6646688E+00  -0.2303063E+00
   0.3854604E+00  -0.6418759E+00  -0.6628843E+00
  -0.5884266E+00   0.3823752E+00  -0.7124208E+00
  -0.2690437E+03   0.3876518E+03  -0.3878136E+03
   0.7154961E+00  -0.5961150E+00   0.3642969E+00
  -0.2012989E+00   0.3234248E+00   0.9245946E+00
  -0.6689874E+00  -0.7348764E+00   0.1114119E+00
  -0.2766961E+03   0.3778044E+03  -0.3990265E+03
   0.8795058E+00  -0.2090692E-02   0.4758836E+00
  -0.3763728E+00   0.6089029E+00   0.6982698E+00
  -0.2912268E+00  -0.7932420E+00   0.5347468E+00
  -0.2684442E+03   0.3692242E+03  -0.4099233E+03
  -0.7359728E+00  -0.2880985E+00  -0.6126527E+00
  -0.6524496E+00   0.5433664E+00   0.5282636E+00
   0.1807030E+00   0.7885126E+00  -0.5878727E+00
  -0.2703660E+03   0.3528643E+03  -0.4114884E+03
   0.5148570E+00   0.6211165E+00  -0.5908778E+00
  -0.3052422E+00  -0.5112591E+00  -0.8033937E+00
  -0.8010927E+00   0.5939937E+00  -0.7363437E-01
  -0.2676433E+03   0.3459192E+03  -0.4019382E+03
   0.3925750E+00   0.6835819E+00  -0.6153054E+00
   0.3401985E+00   0.5136354E+00   0.7876825E+00
   0.8544881E+00  -0.5185504E+00  -0.3091315E-01
  -0.2766287E+03   0.3411240E+03  -0.4109918E+03
   0.1854134E+00   0.8352654E+00   0.5176423E+00
  -0.9821710E+00   0.1408960E+00   0.1244528E+00
   0.3101739E-01  -0.5314885E+00   0.8464975E+00
  -0.2730858E+03   0.3314678E+03  -0.4093153E+03
   0.5371943E+00   0.8035291E+00  -0.2564434E+00
   0.6265335E-01  -0.3412125E+00  -0.9378958E+00
  -0.8411283E+00   0.4877653E+00  -0.2336412E+00
  -0.2648790E+03   0.3365194E+03  -0.3841750E+03
   0.4770986E+00  -0.8232927E+00  -0.3075159E+00
  -0.8757156E+00  -0.4158203E+00  -0.2453887E+00
   0.7415538E-01   0.3863711E+00  -0.9193576E+00
  -0.2433229E+03   0.3361961E+03  -0.3779503E+03
  -0.8391756E+00   0.5318496E+00  -0.1136677E+00
   0.4862255E+00   0.6400400E+00  -0.5949232E+00
  -0.2436577E+00  -0.5545132E+00  -0.7957048E+00
  -0.2519641E+03   0.3369800E+03  -0.3605437E+03
  -0.5294208E-01  -0.5605917E+00  -0.8263983E+00
  -0.7980751E+00   0.5211739E+00  -0.3024135E+00
   0.6002277E+00   0.6435175E+00  -0.4749863E+00
  -0.2419449E+03   0.3248191E+03  -0.3601064E+03
  -0.2027690E+00  -0.2995883E-01  -0.9787682E+00
  -0.2352068E+00   0.9717600E+00   0.1898289E-01
   0.9505591E+00   0.2340620E+00  -0.2040893E+00
  -0.2320357E+03   0.3065052E+03  -0.3640009E+03
  -0.5945946E+00   0.5466209E+00   0.5896294E+00
   0.1440065E+00   0.7938898E+00  -0.5907631E+00
  -0.7910243E+00  -0.2663542E+00  -0.5507596E+00
  -0.2181046E+03   0.2842838E+03  -0.3537634E+03
  -0.6300111E+00   0.7093457E+00   0.3160929E+00
   0.6067411E+00   0.1955511E+00   0.7704706E+00
   0.4847177E+00   0.6771916E+00  -0.5535886E+00
  -0.2276812E+03   0.2812530E+03  -0.3623186E+03
  -0.1422269E+00   0.1317591E+00   0.9810255E+00
  -0.9835101E+00  -0.1306657E+00  -0.1250377E+00
   0.1117116E+00  -0.9826322E+00   0.1481706E+00
  -0.2191039E+03   0.2719842E+03  -0.3663475E+03
  -0.3860723E+00   0.8184409E+00   0.4255616E+00
   0.3755126E+00   0.5608127E+00  -0.7378885E+00
  -0.8425785E+00  -0.1250745E+00  -0.5238491E+00
  -0.2332934E+03   0.2676255E+03  -0.3731118E+03
   0.9181878E+00  -0.3068193E+00   0.2505855E+00
   0.2748015E+00   0.3769789E-01  -0.9607617E+00
   0.2853337E+00   0.9510209E+00   0.1189281E+00
  -0.2340248E+03   0.2538591E+03  -0.3712873E+03
  -0.3229579E+00   0.9445621E+00  -0.5916668E-01
  -0.7807028E+00  -0.2305503E+00   0.5808182E+00
   0.5349779E+00   0.2337714E+00   0.8118803E+00
  -0.2436985E+03   0.2545026E+03  -0.3794105E+03
   0.9472884E+00   0.2720098E+00   0.1692787E+00
  -0.2688490E+00   0.3875224E+00   0.8817860E+00
   0.1742552E+00  -0.8808161E+00   0.4402251E+00
  -0.2540541E+03   0.2316926E+03  -0.4192362E+03
   0.2482768E+00   0.7460786E+00   0.6178393E+00
  -0.5311560E+00   0.6382296E+00  -0.5572578E+00
  -0.8100815E+00  -0.1898149E+00   0.5547417E+00
  -0.2471688E+03   0.2409001E+03  -0.4191497E+03
   0.2640567E+00  -0.9626637E+00   0.5960477E-01
   0.8569282E+00   0.2625183E+00   0.4435745E+00
  -0.4426604E+00  -0.6605180E-01   0.8942533E+00
  -0.2488302E+03   0.2404312E+03  -0.4287228E+03
  -0.9512373E+00   0.3084486E+00   0.2649479E-02
   0.2627284E+00   0.8056786E+00   0.5309010E+00
   0.1616211E+00   0.5057089E+00  -0.8474297E+00
  -0.2556007E+03   0.2377032E+03  -0.4409278E+03
   0.5564805E+00  -0.1174688E+00   0.8225148E+00
   0.7532095E+00  -0.3465537E+00  -0.5590850E+00
   0.3507206E+00   0.9306458E+00  -0.1043717E+00
  -0.2603271E+03   0.2300628E+03  -0.4367447E+03
   0.4973947E+00   0.5897685E+00   0.6362166E+00
   0.5584753E-01  -0.7536174E+00   0.6549366E+00
   0.8657249E+00  -0.2902309E+00  -0.4077824E+00
  -0.2650066E+03   0.2426246E+03  -0.4329121E+03
  -0.1980594E+00  -0.2534007E+00  -0.9468688E+00
   0.8186552E+00   0.4884859E+00  -0.3019689E+00
   0.5390512E+00  -0.8349669E+00   0.1106986E+00
  -0.2776223E+03   0.2407631E+03  -0.4399315E+03
   0.8648670E+00  -0.4423082E+00   0.2374206E+00
   0.3135597E+00   0.1066370E+00  -0.9435618E+00
   0.3920273E+00   0.8905010E+00   0.2309169E+00
  -0.2809050E+03   0.2293705E+03  -0.4436749E+03
   0.4955207E+00   0.7961152E+00   0.3473612E+00
  -0.2162773E+00   0.5004027E+00  -0.8383444E+00
  -0.8412392E+00   0.3402906E+00   0.4201416E+00
  -0.2737080E+03   0.2311042E+03  -0.4339507E+03
  -0.7011843E-01  -0.1337102E+00  -0.9885368E+00
   0.4023864E+00   0.9029843E+00  -0.1506802E+00
   0.9127807E+00  -0.4083393E+00  -0.9512681E-02
  -0.2672330E+03   0.2204045E+03  -0.4303348E+03
  -0.6868393E+00   0.4294537E-01   0.7255395E+00
  -0.7114100E+00  -0.2441253E+00  -0.6590134E+00
   0.1488210E+00  -0.9687923E+00   0.1982266E+00
  -0.2683964E+03   0.2153652E+03  -0.4112089E+03
   0.3784508E+00   0.3805796E+00  -0.8437619E+00
   0.4677473E+00  -0.8652416E+00  -0.1804703E+00
  -0.7987412E+00  -0.3263682E+00  -0.5054664E+00
  -0.2704464E+03   0.2273551E+03  -0.4000043E+03
  -0.8517484E+00  -0.9454124E-01  -0.5153510E+00
   0.3013193E+00  -0.8930467E+00  -0.3341770E+00
  -0.4286390E+00  -0.4399199E+00   0.7891382E+00
  -0.2803242E+03   0.2323555E+03  -0.3962410E+03
   0.6863225E+00  -0.2656810E+00  -0.6770340E+00
  -0.4831693E+00  -0.8623371E+00  -0.1514007E+00
  -0.5436072E+00   0.4310318E+00  -0.7202103E+00
  -0.2797487E+03   0.2502422E+03  -0.3962107E+03
  -0.1049297E+00  -0.9543855E+00   0.2795319E+00
   0.5017991E+00   0.1918657E+00   0.8434366E+00
  -0.8585962E+00   0.2287704E+00   0.4587774E+00
  -0.3144779E+03   0.2683628E+03  -0.4062419E+03
   0.2848593E+00  -0.5461334E+00   0.7877775E+00
  -0.9484811E+00  -0.4166969E-01   0.3140816E+00
  -0.1387040E+00  -0.8366612E+00  -0.5298672E+00
  -0.3040873E+03   0.2744504E+03  -0.4112043E+03
  -0.2294476E+00   0.5780155E+00   0.7831040E+00
  -0.9482443E+00   0.4870666E-01  -0.3137840E+00
  -0.2195144E+00  -0.8145709E+00   0.5369242E+00
  -0.2948701E+03   0.2791911E+03  -0.4021919E+03
  -0.8931963E+00   0.8997543E-01  -0.4405732E+00
  -0.4203381E+00  -0.5151182E+00   0.7469733E+00
  -0.1597380E+00   0.8523835E+00   0.4979218E+00
  -0.2792147E+03   0.2927562E+03  -0.4080057E+03
  -0.6714065E+00  -0.6123999E+00  -0.4173483E+00
   0.7139898E+00  -0.3836324E+00  -0.5857002E+00
   0.1985745E+00  -0.6912254E+00   0.6948206E+00
  -0.2725601E+03   0.3009653E+03  -0.4111088E+03
  -0.9875902E+00  -0.1216352E+00   0.9935059E-01
  -0.1532870E+00   0.6088307E+00  -0.7783497E+00
   0.3418704E-01  -0.7839196E+00  -0.6199204E+00
  -0.2734732E+03   0.3113680E+03  -0.4099150E+03
  -0.4050866E+00  -0.8522550E+00   0.3310080E+00
  -0.7561686E+00   0.1087991E+00  -0.6452688E+00
   0.5139202E+00  -0.5116876E+00  -0.6885215E+00
  -0.2803213E+03   0.3102993E+03  -0.4059598E+03
   0.8180115E+00   0.5657236E+00   0.1039903E+00
  -0.5247579E+00   0.8080128E+00  -0.2678515E+00
  -0.2355555E+00   0.1645359E+00   0.9578317E+00
  -0.2775740E+03   0.2976447E+03  -0.3990097E+03
   0.6274131E+00   0.7779515E+00  -0.3382757E-01
  -0.6660386E+00   0.5136363E+00  -0.5408977E+00
  -0.4034171E+00   0.3618968E+00   0.8404078E+00
  -0.2642802E+03   0.2871913E+03  -0.3874703E+03
  -0.7126079E+00   0.7015129E+00  -0.8344717E-02
   0.6366598E+00   0.6516342E+00   0.4123555E+00
   0.2947104E+00   0.2885351E+00  -0.9109848E+00
  -0.2751533E+03   0.2660860E+03  -0.3753044E+03
   0.5083113E+00   0.8419464E+00  -0.1809580E+00
  -0.4132660E+00   0.5413284E-01  -0.9089999E+00
  -0.7555335E+00   0.5368388E+00   0.3754642E+00
  -0.2707555E+03   0.2579402E+03  -0.3608298E+03
   0.2920456E-01   0.9877701E+00  -0.1531577E+00
  -0.7835590E-01   0.1550138E+00   0.9848000E+00
   0.9964976E+00  -0.1675985E-01   0.8192472E-01
  -0.2646262E+03   0.2477652E+03  -0.3695528E+03
  -0.6254223E-01   0.9975300E+00  -0.3197366E-01
   0.1640466E+00  -0.2132597E-01  -0.9862220E+00
  -0.9844680E+00  -0.6692570E-01  -0.1623076E+00
  -0.2644954E+03   0.2480658E+03  -0.3531849E+03
   0.6186426E-01   0.6980124E+00  -0.7134084E+00
   0.6030580E+00   0.5434085E+00   0.5839763E+00
   0.7952948E+00  -0.4663539E+00  -0.3873244E+00
  -0.2779704E+03   0.2498729E+03  -0.3659941E+03
   0.7530965E+00  -0.3495321E+00   0.5573804E+00
   0.6557392E+00   0.4675479E+00  -0.5927943E+00
  -0.5340139E-01   0.8119275E+00   0.5813106E+00
  -0.2788727E+03   0.2358528E+03  -0.3638788E+03
   0.3639754E-01   0.9225429E+00  -0.3841743E+00
   0.1468510E+00  -0.3851932E+00  -0.9110768E+00
  -0.9884887E+00  -0.2325544E-01  -0.1494965E+00
  -0.2849603E+03   0.2487473E+03  -0.3537215E+03
   0.5274586E+00  -0.1358863E-01  -0.8494721E+00
  -0.4375304E+00  -0.8614279E+00  -0.2578938E+00
  -0.7282545E+00   0.5076981E+00  -0.4603130E+00
  -0.2811765E+03   0.2551161E+03  -0.3441605E+03
   0.4764735E+00   0.5329862E+00  -0.6992129E+00
   0.7706890E+00   0.1295206E+00   0.6239094E+00
   0.4230976E+00  -0.8361520E+00  -0.3490535E+00
  -0.2919400E+03   0.2790500E+03  -0.3541228E+03
   0.8192790E+00  -0.3578390E+00   0.4480325E+00
  -0.4691108E+00   0.3101515E-01   0.8825945E+00
  -0.3297226E+00  -0.9332681E+00  -0.1424561E+00
  -0.2783489E+03   0.2768254E+03  -0.3528631E+03
  -0.8131060E+00   0.5745414E+00   0.9359902E-01
   0.5819317E+00   0.7982311E+00   0.1555074E+00
   0.1463179E-01   0.1809122E+00  -0.9833904E+00
  -0.2881571E+03   0.2803052E+03  -0.3434054E+03
   0.8226639E+00  -0.4386191E+00  -0.3617146E+00
   0.1131373E+00  -0.4972024E+00   0.8602266E+00
  -0.5571572E+00  -0.7486007E+00  -0.3594062E+00
  -0.2724893E+03   0.2886656E+03  -0.3484884E+03
  -0.8669810E+00  -0.4983202E+00   0.4577139E-02
   0.4790863E+00  -0.8309190E+00   0.2829311E+00
  -0.1371870E+00   0.2474887E+00   0.9591293E+00
  -0.2758323E+03   0.3108043E+03  -0.3373331E+03
   0.3401101E+00  -0.2117594E+00  -0.9162331E+00
   0.9132010E+00   0.3069477E+00   0.2680430E+00
   0.2244750E+00  -0.9278691E+00   0.2977749E+00
  -0.2780484E+03   0.3166277E+03  -0.3507928E+03
   0.1023368E+00  -0.6132946E+00   0.7831966E+00
   0.5646768E+00  -0.6123658E+00  -0.5533066E+00
   0.8189428E+00   0.4988766E+00   0.2836457E+00
  -0.2884948E+03   0.3244794E+03  -0.3451046E+03
  -0.4844887E+00  -0.7216963E+00  -0.4943937E+00
  -0.3529667E+00   0.6783779E+00  -0.6443741E+00
   0.8004282E+00  -0.1376874E+00  -0.5834011E+00
  -0.2851357E+03   0.3080706E+03  -0.3443864E+03
  -0.4563023E+00   0.6349349E+00  -0.6234147E+00
   0.4511597E+00   0.7689574E+00   0.4529452E+00
   0.7669701E+00  -0.7457968E-01  -0.6373341E+00
  -0.2932866E+03   0.3008335E+03  -0.3501597E+03
   0.1250609E+00   0.7680315E+00  -0.6280824E+00
   0.9838702E+00  -0.1439299E-01   0.1783037E+00
   0.1279029E+00  -0.6402504E+00  -0.7574433E+00
  -0.3021773E+03   0.2942753E+03  -0.3591923E+03
   0.5503188E+00   0.7331373E+00   0.3995735E+00
   0.3888920E+00   0.1984170E+00  -0.8996631E+00
  -0.7388587E+00   0.6504925E+00  -0.1759186E+00
  -0.3138295E+03   0.2833375E+03  -0.3534610E+03
   0.8909971E+00   0.3908436E+00  -0.2310097E+00
   0.1382223E+00  -0.7181898E+00  -0.6819809E+00
  -0.4324567E+00   0.5757123E+00  -0.6939283E+00
  -0.3075690E+03   0.2819343E+03  -0.3382475E+03
  -0.2416985E-02   0.3042695E+00  -0.9525829E+00
   0.4784196E+00  -0.8361428E+00  -0.2682907E+00
  -0.8781280E+00  -0.4563828E+00  -0.1435476E+00
  -0.3094110E+03   0.3000157E+03  -0.3300198E+03
  -0.6922738E+00  -0.5367507E+00  -0.4823439E+00
  -0.7212021E+00   0.5377509E+00   0.4366824E+00
   0.2499124E-01   0.6501712E+00  -0.7593766E+00
  -0.2988667E+03   0.2850132E+03  -0.3267497E+03
   0.6756671E+00   0.7363917E+00  -0.3465856E-01
   0.2672993E+00  -0.2885292E+00  -0.9194031E+00
  -0.6870408E+00   0.6119462E+00  -0.3917867E+00
  -0.2932956E+03   0.2937984E+03  -0.3137497E+03
   0.1575533E+00   0.1197651E+00  -0.9802210E+00
   0.1301377E+00  -0.9864794E+00  -0.9961245E-01
  -0.9788979E+00  -0.1118694E+00  -0.1710090E+00
  -0.2996666E+03   0.3085788E+03  -0.3184169E+03
   0.9726784E+00  -0.2305625E+00  -0.2716030E-01
  -0.3945615E-01  -0.2794653E+00   0.9593447E+00
  -0.2287793E+00  -0.9320623E+00  -0.2809270E+00
  -0.2969667E+03   0.3211426E+03  -0.3182609E+03
   0.5481618E+00  -0.7165210E+00   0.4314120E+00
  -0.6416199E+00  -0.2938026E-01   0.7664598E+00
  -0.5365096E+00  -0.6969465E+00  -0.4758393E+00
  -0.2932962E+03   0.3140112E+03  -0.3297715E+03
  -0.3482059E+00   0.7084530E+00   0.6138787E+00
  -0.8002005E+00   0.1164768E+00  -0.5883131E+00
  -0.4882948E+00  -0.6960801E+00   0.5263465E+00
  -0.2816254E+03   0.3088698E+03  -0.3188031E+03
  -0.7129872E+00   0.6016130E+00  -0.3601542E+00
  -0.1069054E+00  -0.6009074E+00  -0.7921373E+00
  -0.6929794E+00  -0.5262814E+00   0.4927550E+00
  -0.2843857E+03   0.3252769E+03  -0.3147628E+03
   0.8302809E+00  -0.5360828E+00   0.1524755E+00
   0.4911293E+00   0.8330609E+00   0.2545614E+00
  -0.2634874E+00  -0.1364722E+00   0.9549606E+00
  -0.2950628E+03   0.3029177E+03  -0.3278565E+03
   0.2004951E+00  -0.6423016E-01   0.9775869E+00
  -0.8507816E-01  -0.9952203E+00  -0.4793989E-01
   0.9759936E+00  -0.7355958E-01  -0.2050014E+00
  -0.2826818E+03   0.3070788E+03  -0.3309689E+03
  -0.9924011E+00   0.1027188E+00  -0.6774157E-01
  -0.1600782E-01  -0.6536448E+00  -0.7566322E+00
  -0.1219993E+00  -0.7497982E+00   0.6503221E+00
  -0.2806977E+03   0.3306570E+03  -0.3251897E+03
   0.2860633E+00  -0.9390949E+00   0.1904431E+00
   0.7743034E+00   0.3436279E+00   0.5313889E+00
  -0.5644662E+00  -0.4550112E-02   0.8254437E+00
  -0.2805196E+03   0.3200563E+03  -0.3316294E+03
   0.4575758E+00   0.6921339E+00  -0.5581890E+00
  -0.4724903E+00  -0.3425309E+00  -0.8120501E+00
  -0.7532445E+00   0.6353134E+00   0.1702927E+00
  -0.2655221E+03   0.3493126E+03  -0.3333254E+03
   0.8070122E+00  -0.1741848E+00   0.5642614E+00
  -0.4796907E+00   0.3639350E+00   0.7984035E+00
  -0.3444242E+00  -0.9149923E+00   0.2101452E+00
  -0.2661411E+03   0.3576199E+03  -0.3439247E+03
   0.9741431E+00   0.7503286E-01   0.2131087E+00
   0.1996298E+00   0.1558406E+00  -0.9673994E+00
  -0.1057977E+00   0.9849283E+00   0.1368322E+00
  -0.2589935E+03   0.3603914E+03  -0.3270052E+03
   0.2619399E+00  -0.4236608E+00  -0.8671211E+00
   0.1076798E+00   0.9057124E+00  -0.4099879E+00
   0.9590581E+00   0.1402079E-01   0.2828620E+00
  -0.2457708E+03   0.3508229E+03  -0.3256126E+03
  -0.5566910E+00   0.7203825E+00   0.4136958E+00
   0.8274141E+00   0.4364480E+00   0.3534106E+00
   0.7403418E-01   0.5390382E+00  -0.8390213E+00
  -0.2581587E+03   0.3405497E+03  -0.3202988E+03
   0.1591353E+00   0.7919373E+00  -0.5895008E+00
  -0.7412157E+00   0.4902591E+00   0.4585251E+00
   0.6521313E+00   0.3639798E+00   0.6650140E+00
  -0.2568069E+03   0.3286821E+03  -0.3375106E+03
   0.8613857E+00  -0.3530618E+00   0.3651877E+00
   0.2983192E+00  -0.2302609E+00  -0.9262751E+00
   0.4111207E+00   0.9068227E+00  -0.9301833E-01
  -0.2526168E+03   0.3263885E+03  -0.3231379E+03
  -0.4373230E+00  -0.3077151E+00  -0.8450207E+00
   0.8846074E+00  -0.3163764E+00  -0.3426015E+00
  -0.1619209E+00  -0.8973391E+00   0.4105657E+00
  -0.2605477E+03   0.3172323E+03  -0.3206135E+03
   0.2656135E+00   0.7977598E+00   0.5413214E+00
   0.4332913E+00  -0.6003682E+00   0.6721731E+00
   0.8612248E+00   0.5601161E-01  -0.5051283E+00
  -0.2670948E+03   0.3312763E+03  -0.3201627E+03
   0.4295605E+00  -0.6139546E+00  -0.6622217E+00
  -0.6879863E+00   0.2525092E+00  -0.6803778E+00
   0.5849381E+00   0.7478629E+00  -0.3139244E+00
  -0.2506142E+03   0.3348149E+03  -0.3129317E+03
  -0.9999810E+00   0.6107313E-02  -0.7793494E-03
  -0.5280266E-02  -0.9158095E+00  -0.4015781E+00
  -0.3166299E-02  -0.4015664E+00   0.9158244E+00
  -0.2528892E+03   0.3293300E+03  -0.2973999E+03
  -0.1648424E+00   0.1860770E+00  -0.9686084E+00
  -0.7364501E+00  -0.6764761E+00  -0.4623648E-02
  -0.6561008E+00   0.7125696E+00   0.2485484E+00
  -0.2459111E+03   0.3411247E+03  -0.3043096E+03
   0.8745984E+00  -0.4753541E+00  -0.9547816E-01
  -0.3698568E-01   0.1309395E+00  -0.9907002E+00
   0.4834353E+00   0.8699962E+00   0.9693816E-01
  -0.2476743E+03   0.3429688E+03  -0.2896266E+03
   0.3905986E+00  -0.3166969E+00  -0.8643702E+00
   0.7496509E+00   0.6543876E+00   0.9899703E-01
   0.5342810E+00  -0.6866440E+00   0.4930150E+00
  -0.2393355E+03   0.3312543E+03  -0.2959509E+03
  -0.8911381E+00   0.4210327E+00   0.1691281E+00
  -0.2119115E+00  -0.5660570E-01  -0.9756482E+00
  -0.4012062E+00  -0.9052774E+00   0.1396652E+00
  -0.2288576E+03   0.3213765E+03  -0.2755798E+03
   0.9999357E-01   0.6306502E+00  -0.7695983E+00
   0.2651911E-02   0.7733032E+00   0.6340308E+00
   0.9949845E+00  -0.6543991E-01   0.7565292E-01
  -0.2180709E+03   0.3161793E+03  -0.2782397E+03
  -0.5568584E+00  -0.8048757E+00  -0.2051435E+00
  -0.2783806E+00   0.4135467E+00  -0.8668814E+00
   0.7825682E+00  -0.4256223E+00  -0.4543487E+00
  -0.2140574E+03   0.3024269E+03  -0.2734614E+03
  -0.4779821E+00   0.6322684E+00   0.6097292E+00
  -0.7648449E+00   0.4173692E-01  -0.6428610E+00
  -0.4319090E+00  -0.7736244E+00   0.4636378E+00
  -0.1900011E+03   0.3119381E+03  -0.2618059E+03
  -0.8793855E+00  -0.3547354E+00  -0.3175594E+00
   0.4722131E+00  -0.5646723E+00  -0.6768752E+00
   0.6079463E-01  -0.7451899E+00   0.6640753E+00
  -0.1884113E+03   0.3121959E+03  -0.2221188E+03
  -0.4513247E+00  -0.3293240E+00  -0.8293683E+00
  -0.5651100E+00   0.8247736E+00  -0.1997864E-01
   0.6906205E+00   0.4596675E+00  -0.5583450E+00
  -0.1716630E+03   0.2998405E+03  -0.2230882E+03
  -0.9907569E+00   0.1156792E+00  -0.7084578E-01
   0.6721393E-01   0.8722935E+00   0.4843412E+00
   0.1178265E+00   0.4751026E+00  -0.8720060E+00
  -0.1739836E+03   0.2844390E+03  -0.2276424E+03
  -0.5014347E+00   0.8166922E+00   0.2856170E+00
  -0.6593228E+00  -0.5744543E+00   0.4850728E+00
   0.5602291E+00   0.5491851E-01   0.8265151E+00
  -0.1917186E+03   0.2834806E+03  -0.2440178E+03
   0.4239490E+00   0.5955318E+00   0.6823556E+00
  -0.5948045E+00   0.7512370E+00  -0.2860953E+00
  -0.6829896E+00  -0.2845784E+00   0.6727112E+00
  -0.1790314E+03   0.2658125E+03  -0.2303251E+03
   0.9945091E-02   0.8926806E+00  -0.4505801E+00
  -0.1705021E+00  -0.4424898E+00  -0.8804157E+00
  -0.9853071E+00   0.8558068E-01   0.1478034E+00
  -0.1823869E+03   0.2698090E+03  -0.2209626E+03
   0.4353999E+00   0.2106853E+00  -0.8752363E+00
  -0.8998609E+00   0.1299633E+00  -0.4163652E+00
   0.2602657E-01   0.9688763E+00   0.2461735E+00
  -0.1614333E+03   0.2756631E+03  -0.2223685E+03
  -0.7975173E+00  -0.1831137E+00  -0.5748352E+00
  -0.5009690E+00  -0.3298951E+00   0.8001245E+00
  -0.3361491E+00   0.9260878E+00   0.1713628E+00
  -0.1458471E+03   0.2833968E+03  -0.2323559E+03
  -0.7440180E+00  -0.6221370E-01   0.6652568E+00
   0.1625711E+00   0.9488784E+00   0.2705557E+00
  -0.6480801E+00   0.3094499E+00  -0.6958685E+00
  -0.1597310E+03   0.2866632E+03  -0.2503359E+03
  -0.1663809E+00  -0.6059066E+00   0.7779426E+00
  -0.6674317E-02  -0.7882291E+00  -0.6153457E+00
   0.9860390E+00  -0.1075740E+00   0.1271022E+00
  -0.1540121E+03   0.2941339E+03  -0.2428267E+03
  -0.3939872E+00  -0.8885942E+00  -0.2348924E+00
   0.7880426E+00  -0.4581131E+00   0.4112434E+00
  -0.4730358E+00  -0.2308058E-01   0.8807408E+00
  -0.1683780E+03   0.3083436E+03  -0.2576174E+03
  -0.6468004E-02  -0.9895867E+00   0.1437927E+00
   0.4597125E+00  -0.1306422E+00  -0.8784059E+00
   0.8880442E+00   0.6042177E-01   0.4557704E+00
  -0.1774589E+03   0.3104775E+03  -0.2470184E+03
  -0.3770241E+00   0.1041249E+00  -0.9203319E+00
   0.6286009E+00   0.7585396E+00  -0.1716933E+00
   0.6802306E+00  -0.6432540E+00  -0.3514407E+00
  -0.1906417E+03   0.3030226E+03  -0.2521782E+03
   0.9932271E+00  -0.5666168E-01   0.1014369E+00
  -0.9593395E-01  -0.8924484E+00   0.4408315E+00
   0.6554891E-01  -0.4475771E+00  -0.8918397E+00
  -0.1791478E+03   0.3118548E+03  -0.2676032E+03
   0.3230049E+00  -0.1979644E+00   0.9254609E+00
   0.1404610E+00   0.9770756E+00   0.1599814E+00
  -0.9359159E+00   0.7831634E-01   0.3434065E+00
  -0.1851683E+03   0.3031712E+03  -0.2624477E+03
   0.8740683E+00   0.4641210E+00  -0.1435141E+00
   0.3253063E-01   0.2388355E+00   0.9705150E+00
   0.4847126E+00  -0.8529650E+00   0.1936604E+00
  -0.1737508E+03   0.3022112E+03  -0.2751025E+03
  -0.2904138E+00  -0.2968468E-01   0.9564406E+00
   0.9373679E+00   0.1920987E+00   0.2905847E+00
  -0.1923569E+00   0.9809265E+00  -0.2796267E-01
  -0.1939678E+03   0.2993765E+03  -0.2938785E+03
   0.5824902E+00  -0.8469101E-01   0.8084136E+00
   0.7870006E-01  -0.9840084E+00  -0.1597928E+00
   0.8090188E+00   0.1567000E+00  -0.5665101E+00
  -0.1912377E+03   0.3128892E+03  -0.2879631E+03
   0.2021250E+00  -0.9734679E+00   0.1072650E+00
   0.3533935E+00   0.1746429E+00   0.9190282E+00
  -0.9133775E+00  -0.1478518E+00   0.3793169E+00
  -0.2001387E+03   0.3116834E+03  -0.3129894E+03
   0.4024100E+00  -0.7590306E+00   0.5117995E+00
   0.8506515E+00   0.1034214E+00  -0.5154571E+00
   0.3383167E+00   0.6427881E+00   0.6872884E+00
  -0.2125423E+03   0.3160933E+03  -0.3005744E+03
  -0.3725548E+00  -0.1847581E-01   0.9278263E+00
  -0.6706034E+00   0.6964631E+00  -0.2554021E+00
  -0.6414780E+00  -0.7173547E+00  -0.2718606E+00
  -0.2094825E+03   0.3068130E+03  -0.3003957E+03
  -0.8139568E+00   0.4710470E+00  -0.3399839E+00
   0.3462770E+00  -0.7649609E-01  -0.9350083E+00
  -0.4664403E+00  -0.8787850E+00  -0.1008482E+00
  -0.2189453E+03   0.3002830E+03  -0.3040932E+03
   0.5975787E+00   0.3820663E+00   0.7049291E+00
   0.7084028E+00  -0.6634013E+00  -0.2409649E+00
   0.3755864E+00   0.6433693E+00  -0.6670913E+00
  -0.2255005E+03   0.3203138E+03  -0.3095249E+03
   0.3086727E+00  -0.3306062E+00   0.8918636E+00
  -0.7607567E+00  -0.6486347E+00   0.2285346E-01
   0.5709382E+00  -0.6855454E+00  -0.4517267E+00
  -0.2111104E+03   0.3182832E+03  -0.3135113E+03
  -0.8819901E+00   0.4699957E+00   0.3460568E-01
  -0.1680657E+00  -0.2450873E+00  -0.9548226E+00
  -0.4402810E+00  -0.8479601E+00   0.2951547E+00
  -0.1954254E+03   0.3181003E+03  -0.2788110E+03
  -0.6688422E+00  -0.6743092E+00  -0.3129811E+00
   0.5908986E+00  -0.7376894E+00   0.3265780E+00
  -0.4510974E+00   0.3348904E-01   0.8918462E+00
  -0.2047400E+03   0.3328720E+03  -0.2741468E+03
   0.1882042E+00  -0.6878012E+00  -0.7010768E+00
   0.4277129E+00   0.6999854E+00  -0.5719109E+00
   0.8841045E+00  -0.1922236E+00   0.4259216E+00
  -0.1979933E+03   0.3279655E+03  -0.2562578E+03
  -0.7944416E+00   0.3619600E+00  -0.4876961E+00
   0.4945739E+00   0.8516253E+00  -0.1735830E+00
   0.3525043E+00  -0.3791033E+00  -0.8555825E+00
  -0.2282062E+03   0.3105847E+03  -0.2655925E+03
   0.6091652E+00  -0.7168457E+00   0.3391902E+00
  -0.6359794E+00  -0.6970902E+00  -0.3310521E+00
   0.4737595E+00  -0.1405258E-01  -0.8805421E+00
  -0.2195126E+03   0.3188102E+03  -0.2546762E+03
   0.1191185E+00  -0.8022679E+00  -0.5849590E+00
   0.2614401E+00  -0.5430184E+00   0.7979850E+00
  -0.9578412E+00  -0.2479865E+00   0.1450614E+00
  -0.2043630E+03   0.3340363E+03  -0.2507375E+03
  -0.5613673E+00  -0.6112752E+00  -0.5578614E+00
  -0.6546043E+00   0.7404124E+00  -0.1525868E+00
   0.5063200E+00   0.2795212E+00  -0.8157867E+00
  -0.1842693E+03   0.3373114E+03  -0.2281739E+03
   0.3799517E-01  -0.9600395E+00  -0.2772735E+00
   0.6562811E-01   0.2792722E+00  -0.9579666E+00
   0.9971205E+00   0.1820117E-01   0.7361657E-01
  -0.1807871E+03   0.3259073E+03  -0.2198485E+03
   0.2450126E+00   0.9629072E+00   0.1130426E+00
   0.6745005E+00  -0.2530484E+00   0.6935529E+00
   0.6964323E+00  -0.9368187E-01  -0.7114814E+00
  -0.1763739E+03   0.3250090E+03  -0.2313954E+03
  -0.3757495E+00  -0.1707527E-01   0.9265640E+00
   0.5823746E+00  -0.7820892E+00   0.2217575E+00
   0.7208691E+00   0.6229325E+00   0.3038138E+00
  -0.1735168E+03   0.3363439E+03  -0.2269695E+03
  -0.2145624E+00  -0.9487499E+00  -0.2320271E+00
   0.9739619E+00  -0.1900247E+00  -0.1236482E+00
   0.7322031E-01  -0.2525158E+00   0.9648184E+00
  -0.1808605E+03   0.3424162E+03  -0.2098510E+03
   0.1599923E-01  -0.1849172E+00  -0.9826239E+00
  -0.8578846E-01   0.9788718E+00  -0.1856079E+00
   0.9961849E+00   0.8726737E-01  -0.2025621E-03
  -0.1471169E+03   0.3337540E+03  -0.2027350E+03
  -0.8913533E+00   0.4366337E+00  -0.1218206E+00
   0.4508438E+00   0.8818840E+00  -0.1379149E+00
   0.4721331E-01  -0.1778530E+00  -0.9829238E+00
  -0.1607538E+03   0.3351604E+03  -0.1958482E+03
   0.9897033E+00   0.5608539E-01  -0.1316882E+00
   0.1353812E+00  -0.6811188E-01   0.9884497E+00
   0.4646806E-01  -0.9961000E+00  -0.7500346E-01
  -0.1864923E+03   0.3585317E+03  -0.1832128E+03
   0.9675317E+00  -0.9530034E-01   0.2340944E+00
  -0.1444432E+00   0.5515569E+00   0.8215358E+00
  -0.2074090E+00  -0.8286753E+00   0.5198834E+00
  -0.1700106E+03   0.3636566E+03  -0.1992032E+03
   0.2735281E-02  -0.4203715E+00   0.9073480E+00
  -0.4122475E+00   0.8261877E+00   0.3840129E+00
  -0.9110678E+00  -0.3751023E+00  -0.1710372E+00
  -0.1614809E+03   0.3377857E+03  -0.2081098E+03
   0.1481180E-01   0.9266084E+00   0.3757358E+00
   0.8233802E+00   0.2018973E+00  -0.5303607E+00
  -0.5672968E+00   0.3172290E+00  -0.7599606E+00
  -0.1718366E+03   0.3432033E+03  -0.1992823E+03
   0.7896397E+00  -0.1406827E+00  -0.5972249E+00
  -0.5410204E-02   0.9717250E+00  -0.2360535E+00
   0.6135470E+00   0.1896283E+00   0.7665515E+00
  -0.1656330E+03   0.3265586E+03  -0.1923466E+03
  -0.7633741E+00   0.3121114E+00   0.5655497E+00
   0.3917582E+00  -0.4724326E+00   0.7895144E+00
   0.5136005E+00   0.8242536E+00   0.2383706E+00
  -0.1755894E+03   0.3278927E+03  -0.2018996E+03
   0.8325968E+00   0.4789035E+00   0.2782695E+00
   0.4383563E+00  -0.2626454E+00  -0.8595703E+00
  -0.3385651E+00   0.8376567E+00  -0.4286081E+00
  -0.1847076E+03   0.3396613E+03  -0.1596649E+03
   0.7741058E-01   0.2071822E-01  -0.9967840E+00
   0.9915217E+00   0.1030584E+00   0.7914398E-01
   0.1043667E+00  -0.9944595E+00  -0.1256476E-01
