    27200000
   991769600
  -325.110349450723        398.869120825684       -419.187242923783     
  0.224468883199581      -0.665455962913368       0.711886284386893     
 -0.962782954384658      -0.264300337175650       5.651826709292443E-002
  0.150541367143659      -0.698078572362654      -0.700016859501710     
  -321.086145357004        398.727831904626       -416.194599644813     
  7.274912299084578E-002 -0.873591454802690       0.481191786297087     
 -0.996887375336334      -4.899445087764900E-002  6.176653364267951E-002
 -3.038298864656690E-002 -0.484187478027795      -0.874436595827271     
  -320.857686688692        395.984437452460       -414.683482669369     
  0.338990162329717      -0.920900980448188       0.192424151429176     
 -0.940557779355038      -0.336285219521725       4.757430846523181E-002
  2.089817069486551E-002 -0.197113255111856      -0.980157962330979     
  -319.708596183302        392.862817150074       -414.031213695263     
  0.509191577996737      -0.859851869527068      -3.713084119702448E-002
 -0.852797015210662      -0.498257879726108      -0.156449148730920     
  0.116022358814923       0.111327659463627      -0.986987823883037     
  -318.301846021437        390.487293262983       -414.133795550739     
  0.360911258930157      -0.921740925127441       0.141903946818467     
 -0.932550854409156      -0.358254591839884       4.474987560196192E-002
  9.589948811228330E-003 -0.148483380790065      -0.988868403029923     
  -317.234552267124        387.761503174306       -413.714154455029     
  0.314371707184201      -0.858434124480569       0.405291603230774     
 -0.757846629103437      -0.484062277188423      -0.437438222563731     
  0.571698273986068      -0.169630674497387      -0.802736892008155     
  -316.258645336307        385.096658366121       -412.456004069495     
  0.564354213042915      -0.491335927633909       0.663395303297241     
 -0.660990234261387      -0.750365840988977       6.558573624043670E-003
  0.494566711811247      -0.442199175590628      -0.748240373593392     
  -314.508123892681        383.572626016456       -410.398275647905     
  1.702776634623604E-002 -0.471427687087607       0.881740319493493     
 -0.729939819767412      -0.608528460792454      -0.311257083330621     
  0.683299286324211      -0.638317357004176      -0.354475721391504     
  -318.654782534572        381.082424958498       -409.992912055714     
  0.944642673872221       0.302623127573097       0.126765379175144     
 -0.279058213934654       0.537853252331684       0.795512659982122     
  0.172559357715373      -0.786850126526080       0.592528603909339     
  -314.881373166723        378.823564177931       -413.801439748099     
  0.943453026364032      -7.794578905474776E-004 -0.331505323471502     
  0.298935819063185      -0.430255977275165       0.851772956896388     
 -0.143296068074359      -0.902706589354697      -0.405693295988533     
  -312.007674135157        378.749215092691       -414.861052273097     
  0.578108709218748       0.466931105620097      -0.669152944348171     
  0.669823556274244      -0.739894163393650       6.239415386183667E-002
 -0.465968586693950      -0.484285008626536      -0.740500713459507     
  -307.191471210631        377.078085311445       -419.266025135993     
 -0.239111097785139       0.622441701628490       0.745246409578614     
 -0.432297362948071       0.619006311401012      -0.655705861216641     
 -0.869450903101567      -0.478954605907014       0.121068627547880     
  -303.180232840650        376.327756058663       -413.411730932432     
  0.502327286635697       7.454757661751518E-002  0.861458040720309     
 -0.554608206096791       0.792123998368473       0.254851542939891     
 -0.663383022718639      -0.605790582651463       0.439250196516158     
  -301.766335522838        377.147198263355       -410.755492213368     
  0.789705632376799      -0.208592387742745       0.576935204306463     
 -0.259872398676849       0.738139762105902       0.622588168859787     
 -0.555725967180139      -0.641590919023970       0.528705723467863     
  -299.218596204678        376.469157582604       -409.012717024953     
  0.877069087783479      -0.306938892967095       0.369510935208675     
 -5.495918320848686E-002  0.700060826986323       0.711965116210255     
 -0.477209915483439      -0.644750614193860       0.597132600065454     
  -296.004453568725        375.354971217609       -407.799501701225     
  0.958605025007432      -0.201061872304236       0.201619764745461     
 -8.915909840648747E-002  0.460523866167195       0.883158209983784     
 -0.270420156796498      -0.864576134412658       0.423533996985157     
  -292.820406297429        374.687135676201       -407.129813096398     
  0.837028786603168      -0.543638658658492       6.196627477607999E-002
  3.809538807956020E-004  0.113829973339740       0.993500172140707     
 -0.547158720365279      -0.831564637284120       9.548606572039965E-002
  -290.523708500969        373.195462116826       -406.959785722178     
  0.469935992562844      -0.881504953080577       4.592581614282362E-002
 -0.371126482888657      -0.150107700121897       0.916369364428345     
 -0.800890314957467      -0.447679233445694      -0.397690843933835     
  -289.046683175780        370.424861097571       -406.815439269477     
  0.188901960890404      -0.943377396841602       0.272681382386335     
 -0.725270863830129       5.317627831454813E-002  0.686406918309914     
 -0.662040952850244      -0.327431474591213      -0.674159036278655     
  -289.254460876671        368.829930362537       -401.104270618504     
  0.331520966076953       0.258457994646816      -0.907355120145663     
  0.451390203077917      -0.887975558538696      -8.801302178182882E-002
 -0.828456838716828      -0.380393049937875      -0.411047921710208     
  -291.164154537888        376.203193806807       -402.832844743920     
 -0.505698813555547       0.796671848544461      -0.331032741137887     
  0.475964157006390      -6.238907034985134E-002 -0.877248952775709     
 -0.719532369816472      -0.601183474188731      -0.347637165948433     
  -292.904602280024        378.945074315234       -403.972149744135     
 -0.361063657743255       0.918673581258271      -0.160224486752694     
  0.570127679141994       8.149600017039325E-002 -0.817504025331002     
 -0.737961695844185      -0.386519408379877      -0.553186480684809     
  -294.020540027448        381.784414428539       -404.467354811148     
  0.333469919568927       0.902897837459789       0.271244000584585     
  0.773776594914867      -9.776063976620544E-002 -0.625869505947091     
 -0.538579236421761       0.418590912972247      -0.731241446905476     
  -292.626810754868        385.558053585688       -403.333697226335     
  0.756441309828525      -0.277126250578853       0.592450492467525     
  0.499035615472782      -0.340992636054141      -0.796672753799544     
  0.422800188356872       0.898290077534510      -0.119645047237393     
  -288.809278277797        381.760761013244       -405.203362187984     
 -0.562312091087710       0.472579484351766       0.678582156548775     
  0.434031446298998      -0.529814640083773       0.728637873553456     
  0.703862071602219       0.704247881163104       9.280682106995709E-002
  -293.709939477390        386.135985336229       -408.439549824720     
 -0.186375382574485       0.963569215495145      -0.191829569462806     
 -0.380345188123880       0.109263635807893       0.918367571161488     
  0.905870716295226       0.244122561104277       0.346124862612705     
  -294.333424929225        389.773741295982       -409.132406755320     
 -0.252801898609083       0.711979572740851      -0.655115476888921     
 -0.811819332723526       0.212264047840998       0.543960793633588     
  0.526346436366745       0.669349730704293       0.524338027354605     
  -295.191755622476        392.191104154462       -411.356700657110     
 -0.751592766989861       0.602115334000372      -0.269379726724461     
 -0.548966275832860      -0.344551396540410       0.761525024631662     
  0.365710733513148       0.720237085759734       0.589503350024070     
  -296.734073613983        393.426684582292       -411.909485645633     
 -0.338721366355482       0.939468281442496      -5.164478809867946E-002
 -0.887040001889759      -0.300552483169020       0.350468600459944     
  0.313732164467864       0.164522196145135       0.935149493906664     
  -301.967585211183        394.420652448821       -414.039545305097     
  0.971189271597541       0.169002514218383       0.168016513836302     
 -0.103562666006447       0.934288188905614      -0.341145649658772     
 -0.214630316925349       0.313916756894776       0.924873016579676     
  -299.934562164759        388.143026207059       -416.721236089401     
  0.797989999768307      -0.538762262372599       0.270087365333767     
  0.431583916251631       0.198057925972256      -0.880061578068531     
  0.420651023418085       0.818845701339835       0.390569371424067     
  -298.390403408671        387.100488750281       -416.198600755362     
  0.825714743765110       0.191721517747681       0.530507324701031     
  0.546555345262529      -0.504572707890404      -0.668343951133773     
  0.139543600691244       0.841813068373657      -0.521419544533432     
  -293.730776395971        383.710661928042       -416.670406681074     
 -0.646364766357895       0.604344155669252       0.465811904441613     
  0.584625633572304      -5.505604728749720E-005  0.811303189651695     
  0.490331986904063       0.796723376384332      -0.353279498614714     
  -299.513121094414        381.623252868020       -421.785580530728     
  5.196172853133890E-002 -0.891402611728131      -0.450223680599213     
 -0.495914052647970       0.368285119647201      -0.786406588879260     
  0.866815569284668       0.264135295730641      -0.422922350313843     
  -299.358011452065        378.962349464635       -423.129531858926     
 -0.345403831201179      -0.920906218335933      -0.180632030442441     
  0.351402311466948       5.155770478836812E-002 -0.934803839622325     
  0.870179641733380      -0.386359340649565       0.305800345005691     
  -298.313301928151        373.462153014023       -427.532211783781     
 -8.761709257023057E-004  0.730596054619557       0.682809371126998     
 -0.904803326253709       0.290180933825345      -0.311650391375456     
 -0.425828807297878      -0.618081249204818       0.660791492270201     
  -292.159975956406        375.175793353546       -424.894908897448     
  0.868635306582710      -2.308933420300716E-002  0.494913716524429     
 -0.196218625588031       0.901203841843082       0.386432253337650     
 -0.454940606156788      -0.432779988092485       0.778286918029825     
  -289.561493947076        375.098346564582       -423.405614689038     
  0.941556085079877      -4.211169033963011E-002  0.334213620586885     
 -0.123273711600510       0.880256859477219       0.458204597719771     
 -0.313489602183692      -0.472625080671818       0.823619938104140     
  -286.468551977247        374.960012782309       -422.307747710764     
  0.847215490437564      -0.382753278053641       0.368409881656057     
 -9.457188979147903E-003  0.682502123607966       0.730822422238966     
 -0.531165204375485      -0.622648198752561       0.574606601294261     
  -283.884020383889        373.792378395596       -421.183869560291     
  0.895884779596655      -0.201218411715975       0.396108081807924     
  7.219885268664826E-002  0.945645416572388       0.317083698392658     
 -0.438380870200542      -0.255471910201758       0.861717074067864     
  -280.839433616654        373.110567162659       -419.824378001142     
  0.840586444460874      -0.483813456000246       0.243595913721319     
  0.495577524637422       0.868438900836863       1.472387814086637E-002
 -0.218671777929553       0.108343967558696       0.969765042796846     
  -278.360115840031        371.683554735876       -419.105889518272     
  0.579296860240671      -0.733843956881522       0.354807264107955     
  0.814875551419263       0.510796551619958      -0.273979412643198     
  1.982380928210475E-002  0.447839178502318       0.893894337594727     
  -276.562734173681        369.638758022594       -418.134148026366     
  0.461009425079800      -0.886641357309948       3.657066440694511E-002
  0.839156059570444       0.422175822059242      -0.342906230556998     
  0.288595595381840       0.188771498844968       0.938657500662529     
  -271.501846182191        365.832444766567       -421.828986227668     
 -0.651488523617164       0.528042581778960       0.544732719251687     
 -0.677505812458516      -0.728050519670883      -0.104538580877511     
  0.341392117190854      -0.437165269246274       0.832068476559939     
  -268.446203839243        371.490888234688       -419.683478359582     
  0.116585402903988       0.344249888987736       0.931611430673565     
  3.339073078171809E-002 -0.938836336351952       0.342740999361192     
  0.992619213458805      -8.851411027447888E-003 -0.120949367899322     
  -268.148537285035        372.369829128565       -417.304882433145     
 -0.446537791287351       0.525108062566503       0.724476033820214     
  0.801548210201747      -0.125079856000070       0.584701202620089     
  0.397648673673874       0.841793651823685      -0.365046545079876     
  -267.030100603131        377.435534200147       -412.413971616106     
 -0.145550961055833      -0.938223331104690      -0.313929767155875     
 -0.975979278105213       8.417135346235032E-002  0.200946838655261     
 -0.162109118944465       0.335636953011933      -0.927937750782839     
  -260.178190627469        374.123841022316       -412.256252448879     
  0.943442619759774      -0.327521512434576       5.143619458496786E-002
 -0.295436404982662      -0.760134178828845       0.578716995419279     
 -0.150443856078391      -0.561182402672041      -0.813904759231385     
  -256.908019560896        372.992646439658       -412.050191302621     
  0.883043514310826      -0.367360374796151       0.292028263808861     
 -0.452450429432060      -0.501233959537312       0.737599570711164     
 -0.124590371780211      -0.783460830441560      -0.608823756454599     
  -254.090831690154        371.820650750551       -411.118528854074     
  0.881620853356183      -0.371589567335646      -0.290973992609003     
 -3.228106869850975E-002 -0.662558201689329       0.748314480668312     
 -0.470853059383921      -0.650336699580695      -0.596120435522295     
  -246.782838932456        367.428926356357       -410.861033023041     
 -0.464419717459646       0.881979688702544      -8.016330052378021E-002
 -0.177437726548071      -0.181348676953523      -0.967278920769319     
 -0.867657869918872      -0.434999409290830       0.240718372137391     
  -241.162321252237        370.203239579777       -405.460573598266     
  0.967001754801094       0.188608209350272       0.171273318346113     
 -9.484757590485055E-002  0.890455979978474      -0.445075370095390     
 -0.236456219111654       0.414143804838680       0.878961526664941     
  -238.139852395369        370.792754992836       -404.925240267025     
  0.981379573632647       0.170303965302858      -8.882956635449696E-002
 -0.149521541355834       0.967640481215614       0.203261427190186     
  0.120571311377047      -0.186194679072573       0.975086714276162     
  -235.607286371273        375.058176201850       -401.968225366882     
 -0.133134363828734      -0.625517568020640      -0.768767203557398     
  0.817828363937175       0.368824621433361      -0.441729742902131     
  0.559849987324964      -0.687529032639409       0.462462777929376     
  -242.204657031566        372.079723360192       -401.453972222945     
 -0.530808433371350      -0.760816688252124       0.373363594822691     
  0.627877969974380      -0.648935947877902      -0.429710821800732     
  0.569220222657896       6.332647856846348E-003  0.822160711593796     
  -243.770692899214        369.835097714476       -400.352443414421     
 -0.514755023947815       0.215484838046918       0.829815370966565     
  0.538141563986165      -0.672263723987708       0.508394672002671     
  0.667406115068636       0.708256853113384       0.230089781578666     
  -243.054481819021        366.626484916179       -395.351378999353     
 -0.792993738533177       0.433183977642068      -0.428383674013578     
  0.131410959267552       0.808225425952916       0.574023362440598     
  0.594888300802392       0.398902622650472      -0.697842824145250     
  -246.812409454454        363.606358646567       -398.560879159103     
 -0.773084493648979       0.325989416655809      -0.544124311079653     
  0.159442643385574       0.930158371772033       0.330731684137794     
  0.613936812017102       0.168926918076447      -0.771067628162064     
  -249.093568964046        364.568263669808       -400.166440202968     
 -0.801607446816140       0.141358418195661      -0.580898699270476     
  8.258660402226091E-002  0.988511990461487       0.126583954551674     
  0.592119037056722       5.349618976236042E-002 -0.804072884529711     
  -251.314241036564        364.959865185923       -401.775688624444     
 -0.562907319983138      -1.766897180410327E-002 -0.826331142185013     
  3.995789466797654E-003  0.999701614612735      -2.409803741442727E-002
  0.826510364590753      -1.686680693183838E-002 -0.562668755173046     
  -253.057523307427        364.905145689130       -404.334774958720     
 -0.720988131793296      -0.440942357467474      -0.534552103357792     
  0.150394628817700       0.653457118866407      -0.741872798682902     
  0.676430018136392      -0.615275248318865      -0.404819465157198     
  -255.549196011767        363.381286990435       -406.182140853179     
 -0.814100211586724      -0.342213476461165      -0.469180969374094     
  0.144228359836665       0.663462073773175      -0.734177265300025     
  0.562529133212917      -0.665363068702315      -0.490767726214512     
  -258.156609289395        362.285240152947       -407.684841223164     
 -0.873509304544834      -0.412591873825026      -0.258359130915001     
  6.275924360578655E-002  0.430847897976874      -0.900239615963960     
  0.482745038519953      -0.802582104499261      -0.350455693807230     
  -261.101576376091        360.939621102731       -408.190953703891     
 -0.987105503149584       0.130807874403986      -9.226063974261903E-002
  0.100996998682327       6.179312179075129E-002 -0.992965868676520     
 -0.124186681689175      -0.989480121120816      -7.420753329526041E-002
  -262.576723601204        362.887606486514       -413.051048836478     
  4.704880411118320E-003 -0.587741765613832       0.809034907190940     
 -1.729618307395669E-002  0.808875004604287       0.587726185376734     
 -0.999839340169904      -1.675839728467635E-002 -6.360029014061426E-003
  -263.152547165257        356.564511954389       -416.407534079256     
 -0.707898094666975      -0.546980148866149      -0.446870232073286     
 -0.600024998512948       0.131931137774580       0.789027360770868     
 -0.372626205098894       0.826684275665063      -0.421595564067894     
  -265.331100405861        354.881182976905       -417.782775232674     
 -0.727175309342780      -0.533352261699647      -0.432147468374053     
 -0.569409944046752       0.117056696125801       0.813676867996619     
 -0.383390642951686       0.837754793977321      -0.388816820707528     
  -267.527528996036        353.270195720901       -419.088074027220     
 -0.561908189644746      -0.711644583066882      -0.421688479569608     
 -0.723504567193255       0.175690001774054       0.667588319645524     
 -0.400999161670777       0.680216885021386      -0.613599756902769     
  -269.339523737773        350.975343525709       -420.447899923537     
 -0.553300735892535      -0.764377655018587      -0.331036397045801     
 -0.830140168447167       0.473202315441427       0.294867545503709     
 -6.874297339575114E-002  0.437957040323772      -0.896363784654173     
  -271.466084344355        348.037528149245       -421.720207939117     
 -0.432903045781690      -0.693120796165309      -0.576349299362898     
 -0.879615712634173       0.464639847981523       0.101911774367752     
  0.197157680651838       0.551083817210118      -0.810823948443257     
  -272.720300086317        346.029404108302       -423.390019161684     
 -0.187489656244236      -0.676597335937507      -0.712084035633216     
 -0.814160510103684       0.512616127312547      -0.272703813333800     
  0.549536434269037       0.528621557469382      -0.646969053656755     
  -277.237597346247        344.314841495363       -428.962672922366     
  0.390911071794913      -0.211789917290051       0.895730743517507     
  0.672336643749590      -0.598925586106637      -0.435030550396589     
  0.628611144842095       0.772290860518947      -9.173252061954530E-002
  -283.279873883754        343.119959369841       -425.999399782701     
 -0.896332569484926      -0.438019624862019      -6.875124083452210E-002
  0.420973846729654      -0.889410390045603       0.178129667513770     
 -0.139172358067929       0.130720948262567       0.981602306657410     
  -285.825570841186        341.875928678256       -426.194661932678     
 -0.388531127691675       0.238731435614070       0.889972395338350     
  0.436283015703193      -0.803065631254760       0.405885109490754     
  0.811603778344805       0.545978839834511       0.207861524648980     
  -286.822760919510        338.040889466736       -425.376112819502     
 -0.504085018859945       0.760227887041421       0.409819293744823     
  0.649983621372650       2.148040350122398E-002  0.759644577557637     
  0.568699908306889       0.649301279861638      -0.504963624691694     
  -291.622119035511        339.690841016991       -427.137738139275     
 -0.700367423911033       0.558807492794757       0.444094198927053     
  0.613298473285255       0.152813552840529       0.774927739040377     
  0.365171814616352       0.815096438505709      -0.449741416533000     
  -293.605435606907        341.278205345420       -425.878158951659     
 -0.962909431321532       0.190272202590804       0.191316272160234     
  0.255878221698940       0.418912592065918       0.871228199651964     
  8.562571303196763E-002  0.887867517780585      -0.452061398637297     
  -296.429919303331        341.836327134053       -425.316974613860     
 -0.991744009601086       2.350174917192217E-002  0.126061442186821     
  0.113895317769651       0.613135989261884       0.781723810090240     
 -5.892093015653632E-002  0.789627713835901      -0.610750683611388     
  -299.152958131137        341.900856059760       -424.970846784056     
 -0.972221091466929       0.206474023727080      -0.110248024167340     
  3.696739146295349E-002  0.600553968600518       0.798729204904011     
  0.231126721248924       0.772465797510879      -0.591504040899641     
  -301.686787894521        342.438974427359       -425.258178263944     
 -0.919336753404359       0.369016365108176       0.136553491798200     
  0.384220731957660       0.767114331195511       0.513721745703240     
  8.481959074324841E-002  0.524749964418115      -0.847020136637456     
  -304.346022558744        343.506375579469       -424.863189400978     
 -0.911864563271361       0.393187794735729       0.117925299748544     
  0.404664657597789       0.812798521667314       0.419052595823833     
  6.891685672746412E-002  0.429839413323491      -0.900271373316137     
  -307.243173126240        344.755600835646       -424.488520439325     
 -0.793177783381375       0.607506252894389      -4.248713504611505E-002
  0.510729006690313       0.701576824455478       0.496936455809085     
  0.331699993481060       0.372459544220827      -0.866746215592245     
  -309.513582926657        346.494540300776       -424.610136563505     
 -0.436911774204928       0.178750432128107      -0.881564736463022     
  7.733635646472407E-002  0.983891896901771       0.161170168392899     
  0.896173638046703       2.240139515613728E-003 -0.443697861438487     
  -311.281860345477        351.984129825933       -429.533906649414     
 -0.402634425008148      -0.806125337147897       0.433644394183239     
  0.305522033951451      -0.564925001216468      -0.766495942435928     
  0.862868359930138      -0.176129735731260       0.473747305662744     
  -317.632469643656        355.592744352170       -424.047387109231     
 -0.858701567377963       0.434521849929778       0.271702742194910     
 -0.508431440494401      -0.655858595221900      -0.557984742972730     
 -6.425798393521065E-002 -0.617284589964110       0.784111373781444     
  -320.152114634209        356.867740048061       -423.250143364374     
 -0.901479229006058       0.421138980193667      -9.988572987209859E-002
 -0.120085430938717      -0.465079142045723      -0.877086586894519     
 -0.415830120297828      -0.778680519208907       0.469831842319826     
  -322.840431869040        358.123626087678       -423.548014375140     
 -0.781017157017984      -9.419902311697168E-002 -0.617364353107104     
  0.624298815189947      -9.208620150303380E-002 -0.775739080390547     
  1.622312534543652E-002 -0.991285365339644       0.130729241822461     
  -324.497600851727        357.923753782818       -424.857943418047     
 -0.419842509866102      -0.676415121562373      -0.605140355811024     
  0.326061721786481       0.509824426960457      -0.796092210274712     
  0.847004144319830      -0.531546457984814       6.507112172913766E-003
  -327.419734714040        359.654850536983       -429.436437466076     
  0.220963619701856      -0.597675976803960       0.770687034742175     
 -0.704801319446500      -0.644056550006063      -0.297399160222017     
  0.674114366316819      -0.477466844027647      -0.563555883634935     
  -323.647340741743        364.214838938172       -424.065608754888     
  0.369688427327915       0.407358878181882       0.835098324190758     
  0.258715231551676      -0.908356847987724       0.328563944578479     
  0.892410721396250       9.458636836355415E-002 -0.441198961078580     
  -322.483037329887        365.497782348506       -421.435535005709     
  3.983953477741874E-002 -3.744065532403111E-002  0.998504385968147     
  0.898142077166389      -0.436595164186693      -5.220605168022682E-002
  0.437896815119684       0.898878668084688       1.623327971592754E-002
  -317.367529424076        364.651239123971       -418.118585537652     
 -0.776539306839009       0.405286887044446      -0.482420194564670     
 -0.418082079118778      -0.904261902905610      -8.670516751177682E-002
 -0.471374670568658       0.134361267273527       0.871638095658365     
  -315.544918783670        372.137760265563       -419.318319917048     
 -6.916732907675115E-004  0.962962972663230       0.269632777806508     
 -0.859350271798901       0.137314379442407      -0.492607218336782     
 -0.511386968886786      -0.232049724149678       0.827427515601726     
  -315.277053059140        375.295396647551       -418.679247970152     
  0.120836787906109       0.917469993967532       0.379008286001442     
 -0.874325617612339       0.279162888845427      -0.397017374781354     
 -0.470056576462170      -0.283402349426910       0.835900665907123     
  -314.864862798935        378.425008101947       -417.386400595328     
  0.352787794939613       0.811218171412881       0.466332338693327     
 -0.787727839667082       0.526458944881748      -0.319884088331115     
 -0.505000616192771      -0.254491763567190       0.824747427956816     
  -313.831194293900        380.801877955525       -416.020046491526     
  0.393888070198067       0.812345467703383       0.430054681706192     
 -0.624926824933205       0.579782236538045      -0.522799217361547     
 -0.674031639935802      -6.282833195871154E-002  0.736025780165844     
  -312.469071428038        383.611088033863       -414.532854164964     
  0.900394206264389       0.427741009560584      -7.954811164077089E-002
 -0.401412178093326       0.746205882166237      -0.531079132238201     
 -0.167805055358567       0.510112154492129       0.843579903290439     
  -312.949087430458        388.283812420679       -416.349737559651     
  0.530070104353189      -0.481676937294087       0.697863176095420     
 -0.100996291189131      -0.853001515436226      -0.512043126923449     
  0.841917711915505       0.200937161178541      -0.500798186518751     
  -312.205683298160        393.551722739006       -410.008624285854     
  0.189670792505880       0.677060669769182       0.711065285274072     
  0.322659348498813      -0.726970844300828       0.606138875475632     
  0.927316523791372       0.114465020806569      -0.356345090769101     
  -311.604283462355        395.698517035850       -407.754009644555     
  0.106356183294931       0.828080084162754       0.550428684288838     
  5.739749694483726E-002 -0.557758326770894       0.828016410623726     
  0.992670080953084      -5.647143641468857E-002 -0.106850770937132     
  -311.226594201321        398.639173097162       -405.799341880251     
  0.166536509013117       0.942764410438197       0.288895928626282     
 -0.159035631274683      -0.263469837631564       0.951467977728867     
  0.973125510481966      -0.204398901830503       0.106055786167930     
  -310.618490440597        402.081652988577       -404.744445859574     
  1.417332854387534E-002  0.962393953874841       0.271287659695641     
 -0.346380646029316      -0.249789724949719       0.904226487870079     
  0.937986974757273      -0.106784693915814       0.329814287639278     
  -310.569264709536        405.424166767249       -403.802230110124     
 -1.201113135583129E-002  0.974833293377836      -0.222611281937090     
 -0.471857773515843       0.190755124635430       0.860791916782443     
  0.881592861981212       0.115379948636855       0.457691482503588     
  -315.005024738192        408.626766972400       -401.889793348831     
  0.886875395781543      -0.390180066672247      -0.247409676304248     
 -0.242528841010352       6.261161584347640E-002 -0.968121659110901     
  0.393232493107458       0.918607261637480      -3.910121777365686E-002
  -312.679716343330        407.888868626949       -395.850218573557     
  0.150896687319059       0.246960829714958       0.957204543628285     
  0.939758821582145       0.264608174919355      -0.216415967581844     
 -0.306730414231572       0.932197866524242      -0.192155121277005     
  -312.165952850822        408.729705232718       -392.591189113623     
  0.308145111799231       0.334376365586102       0.890639678103142     
  0.926689926090385       0.106231204158546      -0.360500640978101     
 -0.215156619597994       0.936433327792457      -0.277128583229355     
  -311.571120082696        409.375173914588       -390.871928788395     
 -0.127924847119967       0.687837526683479       0.714503163306705     
  0.976151308736220       0.214728203728857      -3.194402879950457E-002
 -0.175396282577192       0.693376762957437      -0.698902574504321     
  -307.097049303436        411.092027182550       -387.544053294253     
 -0.942359627794414      -0.227500500152209      -0.245360661748512     
 -0.308120996415270       0.304108665439917       0.901431844995735     
 -0.130459892193864       0.925073749511274      -0.356677409564887     
  -307.336047465328        405.536921661657       -390.082347853576     
 -0.518995219580687      -0.703440242905992      -0.485608676521285     
  5.338299252204733E-002 -0.593676425724854       0.802931228467266     
 -0.853108561767953       0.390794224879182       0.345666972155705     
  -308.859722861967        403.471749284948       -391.508006443279     
 -0.896938428093709      -0.421694282253058      -0.132948819189434     
  0.430701716393555      -0.901267770194107      -4.703655923840390E-002
 -9.998743773310843E-002 -9.945018212361617E-002  0.990006148249165     
  -310.321042611226        401.412120817081       -396.691015387792     
 -0.131206968953442       0.445720151595456       0.885504532884939     
 -0.990936355741112      -3.301067864824556E-002 -0.130213033010164     
 -2.880746723636501E-002 -0.894563492188736       0.446011533790910     
  -303.656730358103        405.173284695437       -396.110296712795     
  0.849197670966996       0.452924400721753      -0.271519433660042     
 -0.274150942184996       0.817573265240751       0.506374581572433     
  0.451336433853182      -0.355574806748760       0.818450963883771     
  -301.441988303989        406.354529948348       -396.818430435714     
  0.883769157656306       0.288171782525450      -0.368658513710953     
 -0.132399017235733       0.909666809017781       0.393670924512365     
  0.448801265829850      -0.299104196439156       0.842089130354983     
  -298.604409430962        407.279783058635       -398.002107870942     
  0.831307105787056      -2.144655423239180E-002 -0.555399442905290     
  0.245902340137666       0.910331999984152       0.332907928592387     
  0.498458157705106      -0.413322749333268       0.762039218085802     
  -295.746208151616        407.206045485218       -399.911683029399     
  0.907752118336261       0.396024329957142      -0.138386494059313     
 -0.323376901910822       0.870709838098437       0.370529023356002     
  0.267232990041629      -0.291597510141276       0.918453820892928     
  -292.767378313079        408.505617325409       -400.365804600065     
  0.977187573977263       0.198414937622345      -7.573610626874835E-002
 -0.205289349969206       0.973834466861207      -9.748186468451701E-002
  5.441257256968197E-002  0.110805882882953       0.992351413696216     
  -287.081554016978        413.261318881067       -399.639084820200     
 -0.320912627241689      -0.743430361676770      -0.586793305188449     
  0.207318979313956      -0.659677065269456       0.722388406865516     
 -0.924139560073616       0.110170172436219       0.365825923920542     
  -288.026094829402        414.429573193944       -405.993042953275     
 -0.521147295323944      -0.732959662841724      -0.437236353959142     
  0.662250108108056      -0.670445705702915       0.334555451331149     
 -0.538358886698647      -0.115207154081104       0.834803582144403     
  -289.444622844172        412.434506108752       -407.183171008687     
 -0.558612558748872      -0.371085071831264      -0.741786949650655     
  0.632240526027022      -0.769382559457066      -9.122715852403494E-002
 -0.536864905220217      -0.519948407697611       0.664401781210441     
  -291.350837148117        411.168212215379       -409.714451180889     
 -0.434729158922093      -0.463246637962175      -0.772277871494213     
  0.893164154342937      -0.331473970162167      -0.303945390657264     
 -0.115188331786497      -0.821904836049571       0.557856691900860     
  -292.524546584017        409.917509475601       -411.799496102092     
  0.164623572298445      -0.394958922012119      -0.903828816406472     
  0.944082304104964       0.328483311174496       2.841333059855281E-002
  0.285670583924145      -0.857966295493514       0.426949825245981     
  -291.972325433876        408.592640460023       -414.831342523343     
  0.498534816504494      -0.114568188567695      -0.859265481036652     
  0.320778971395757       0.945246686831018       6.007955180645412E-002
  0.805334643637731      -0.305586045498320       0.507989449254202     
  -294.106178397969        411.745578679140       -417.785907317495     
  0.499004871230107      -0.791356129374598      -0.353199115216727     
  0.861654910882906       0.496553457860552       0.104811631215722     
  9.243891518184195E-002 -0.356637266684209       0.929658489431480     
  -296.454259962819        407.377833800203       -421.128718044151     
  0.376467018534128      -0.907585806044536      -0.185904783753713     
  0.901105785311507       0.312129999554737       0.300970475389353     
 -0.215130071431583      -0.280825333694185       0.935337470820768     
  -295.402640724418        404.842592604699       -421.648022624583     
  0.125705466469561      -0.954813423909483      -0.269312942915710     
  0.951407991049874       3.910526455953482E-002  0.305440031512196     
 -0.281106688405155      -0.294621967622883       0.913332866992045     
  -295.045231940273        402.127844276655       -422.413739615141     
 -0.195726280228590      -0.905024703833237      -0.377652629647195     
  0.935614661305603      -0.287706832180158       0.204572687001127     
 -0.293796577205865      -0.313297086115433       0.903066169809111     
  -295.624381532757        399.449896850278       -423.531205120055     
 -0.596845593911929      -0.796839663515092       9.392490445601274E-002
  0.796342684777791      -0.573994556583464       0.190705472950971     
 -9.804930101136518E-002  0.188618131847676       0.977143559007312     
  -297.288241131846        397.228502679661       -423.269365449180     
 -0.980612039091037      -9.696095722580110E-002  0.170289757659042     
  7.858608651534305E-002 -0.990649301631718      -0.111526625443402     
  0.179511157859120      -9.598194596092606E-002  0.979062413870348     
  -299.352231699758        397.024419420235       -422.910939854135     
 -0.651918894261564       0.742047108397077       0.156102031454802     
 -0.701568404092747      -0.668356557728586       0.247186743414671     
  0.287756024582518       5.162945535962793E-002  0.956311073686661     
  -304.693618211213        395.707314683870       -422.529786340421     
  0.762949884508469       0.595663779716945      -0.251181478739650     
 -0.642951609676499       0.739602239019399      -0.199001898613786     
  6.723616097691243E-002  0.313326011640935       0.947262428837052     
  -300.093302480333        389.866289150454       -425.623484090933     
  0.100010783949817      -0.976683913207850      -0.189964146024308     
  0.441443798266269       0.214657430113078      -0.871234503833209     
  0.891697939924722       3.274351577110737E-003  0.452619114218298     
  -299.838712221403        387.380015165426       -426.107062153356     
  5.608007567363189E-002 -0.912106690867705       0.406099014511000     
  0.989412897181267      -3.760713897719311E-003 -0.145079205685553     
  0.133854936419287       0.409935655323302       0.902239222429863     
  -296.492481645765        386.145999476573       -428.591818143234     
 -0.723364731792718      -0.584019468132362       0.368326927661883     
  0.565676315349629      -0.195380924243502       0.801147053102127     
 -0.395921420298165       0.787875342477570       0.471697650688379     
  -300.494196970813        383.399774039552       -433.564455206476     
  0.295466430256876      -0.841305038122555      -0.452664800289205     
 -4.501004273316330E-002 -0.485551864240597       0.873048385363400     
 -0.954292242787511      -0.237582027860037      -0.181331451749262     
  -299.881658367531        381.655644215607       -434.502885552973     
  0.768296075939809      -0.312029963046470      -0.558890366580700     
 -0.248397888042777      -0.950051101221949       0.188948125904570     
 -0.589931884976036      -6.340916982562639E-003 -0.807428116837927     
  -299.843953612439        376.328562204469       -436.164597586950     
  0.407664013721868       0.860054600292972       0.306783533507053     
  0.909452549578495      -0.352290552010682      -0.220878760928216     
 -8.189085407633673E-002  0.369049388942599      -0.925795029442124     
  -306.085521235590        380.487081816808       -432.282868164778     
 -0.909118464121888       0.345516739488832       0.232640927022023     
  0.329305741684913       0.938194268868060      -0.106532822906724     
